598.187 484.497
775.717 531.537
503.682 669.727
720.827 732.474
749.263 692.901
510.042 712.246
501.826 753.139
420.864 877.516
660.613 919.286
589.13 767.836
673.3 674.772
716.648 602.587
456.305 809.815
540.652 542.37
595.803 675.501
345.149 715.848
640.517 826.143
348.717 469.013
639.851 680.682
410.141 812.251
522.605 671.628
540.787 853.277
666.631 907.869
442.932 949.882
353.109 743.299
815.857 696.896
233.663 460.269
775.247 445.33
818.643 353.124
365.191 429.086
516.023 564.523
504.231 436.299
465.804 660.578
667.963 364.672
455.45 732.759
573.987 827.201
839.253 672.799
460.041 720.014
733.584 838.887
676.237 950.694
649.971 811.271
520.159 852.264
670.7 544.783
306.041 564.582
215.462 679.943
290.264 897.964
521.591 599.769
818.958 792.272
585.447 563.05
607.255 497.577
679.143 424.404
639.567 464.643
695.658 663.431
618.009 306.764
394.31 320.106
721.484 379.528
376.029 568.211
194.716 925.183
353.091 723.91
489.713 823.926
202.837 556.307
615.347 571.492
574.775 512.571
386.702 631.981
632.589 389.913
398.224 320.802
650.143 347.241
459.139 523.868
424.963 563.107
390.441 958.513
538.102 284.265
539.548 463.437
292.583 557.973
554.855 782.984
439.065 637.393
752.825 914.064
831.765 452.072
773.744 710.446
516.825 374.435
634.484 570.159
234.207 597.649
463.508 768.319
630.568 901.065
743.712 611.907
479.09 423.989
728.566 471.309
643.18 499.462
472.198 323.475
747.444 392.34
700.945 342.953
438.579 761.176
443.301 318.839
313.581 462.245
483.904 642.773
418.751 607.204
283.382 673.935
338.154 864.412
569.838 207.998
626.167 576.316
648.371 912.681
324.342 373.877
708.966 809.716
205.145 528.721
760.38 927.276
801.084 989.797
341.832 791.48
523.624 554.743
387.578 563.8
616.799 590.397
411.556 842.834
368.365 688.646
318.805 337.259
629.152 675.027
581.486 768.796
527.077 961.201
383.157 922.275
554.194 677.879
558.452 897.767
661.326 673.818
787.644 898.863
629.82 539.601
521.824 543.911
415.379 550.436
688.408 593.163
419.415 763.587
752.192 814.77
706.569 983.948
721.767 466.948
732.358 715.53
583.236 769.244
