598.187 484.497
775.717 531.537
503.682 669.727
720.827 732.474
749.263 692.901
510.042 712.246
501.826 753.139
420.864 877.516
660.613 919.286
732.287 336.415
412.053 753.021
589.13 767.836
673.3 674.772
716.648 602.587
456.305 809.815
527.559 958.363
638.337 855.162
701.452 921.5
631.103 891.42
549.373 836.711
621.459 938.467
530.49 869.307
550.912 904.203
438.903 762.539
526.854 957.595
445.083 879.736
540.652 542.37
595.803 675.501
345.149 715.848
348.717 469.013
639.851 680.682
522.605 671.628
806.673 704.939
353.109 743.299
784.49 567.199
333.892 378.929
818.643 353.124
365.191 429.086
516.023 564.523
571.425 982.59
504.231 436.299
465.804 660.578
667.963 364.672
455.45 732.759
573.987 827.201
588.339 705.082
460.041 720.014
733.584 838.887
676.237 950.694
649.971 811.271
520.159 852.264
670.7 544.783
510.405 402.373
306.041 564.582
215.462 679.943
305.122 889.749
261.081 951.06
521.591 599.769
818.958 792.272
585.447 563.05
607.255 497.577
679.143 424.404
639.567 464.643
778.367 555.15
695.605 663.37
618.009 306.764
394.31 320.106
721.484 379.528
376.029 568.211
353.091 723.91
489.713 823.926
202.837 556.307
615.347 571.492
574.775 512.571
386.702 631.981
632.589 389.913
398.224 320.802
650.143 347.241
459.139 523.868
424.963 563.107
390.448 958.495
745.721 464.796
539.548 463.437
292.583 557.973
554.855 782.984
737.477 907.069
439.065 637.393
516.825 374.435
634.484 570.159
288.334 629.088
767.014 1009.07
749.345 234.878
737.064 310.828
727.23 369.983
719.559 416.917
713.018 455.344
699.302 536.713
671.049 251.622
662.676 486.953
601.722 266.885
607.642 330.833
570.363 426.197
486.862 292.565
476.515 396.5
481.946 728.112
463.508 768.319
630.568 901.065
743.712 611.907
438.579 761.176
443.301 318.839
178.801 959.622
483.904 642.773
418.751 607.204
283.382 673.935
338.154 864.412
626.167 576.316
324.28 373.839
603.065 274.284
636.537 569.903
518.25 274.363
543.691 531.116
448.436 491.053
408.76 585.563
801.084 989.797
341.832 791.48
650.959 652.838
647.797 745.335
564.548 601.694
560.828 696.637
556.977 792.614
404.288 946.969
318.805 337.259
714.641 564.651
720.208 674.581
725.394 786.562
730.781 900.821
660.851 621.307
665.653 731.388
670.418 843.368
603.304 569.365
607.632 677.552
611.739 787.638
554.485 733.354
558.153 843.432
501.715 788.586
442.739 576.361
446.889 735.256
699.625 538.457
548.371 440.198
447.865 391.116
448.393 486.828
830.332 984.533
