594.484 465.539
745.333 512.531
457.644 652.169
663.987 713.684
712.883 676.319
449.628 694.789
425.826 733.769
298.736 853.434
529.845 893.582
517.029 749.276
642.749 656.06
685.367 585.699
363.968 788.458
512.479 524.326
568.529 658.442
292.305 696.793
559.561 804.828
339.821 448.506
628.968 668.053
328.4 790.852
490.322 655.939
449.523 831.521
560.751 883.752
321.084 920.546
287.722 725.757
797.1 671.627
228.282 438.25
771.581 421.524
822.188 327.095
254.498 407.338
510.106 546.889
502.41 414.571
376.697 642.76
672.753 337.968
353.079 712.181
517.886 807.365
830.891 655.765
284.681 701.052
690.975 818.689
633.036 924.833
593.809 785.935
378.442 833.581
636.53 526.175
242.112 545.985
176.682 661.646
285.915 874.021
449.918 582.127
806.253 773.708
500.029 543.516
503.362 476.73
552.49 400.584
525.263 442.839
631.215 642.089
466.091 277.317
256.951 293.386
583.451 351.91
302.249 546.454
195.089 897.953
320.421 705.574
481.74 803.458
185.819 545.25
563.797 553.095
506.845 491.276
354.207 614.327
532.883 364.78
285.182 293.679
538.732 319.539
395.335 503.194
377.642 544.118
383.301 931.694
416.417 255.829
453.995 442.635
251.668 535.102
518.083 765.585
423.848 627.609
732.027 892.983
734.967 431.482
759.185 696.509
407.156 350.932
568.933 553.424
207.551 578.96
431.126 749.757
617.219 878.43
680.791 594.471
387.724 402.589
633.759 449.24
559.655 479.049
353.402 295.797
632.682 365.448
573.965 315.292
431.104 742.739
342.018 289.134
271.894 440.744
371.501 627.7
332.1 586.611
218.814 655.29
239.822 838.172
476.411 198.134
459.94 556.552
439.751 883.101
277.52 347.082
493.803 789.748
186.812 505.211
511.369 904.465
693.652 961.19
235.215 769.926
419.762 535.77
281.109 545.576
515.175 571.783
303.006 819.805
256.438 669.784
201.512 309.448
525.048 657.635
474.209 749.707
420.98 933.306
276.172 895.621
430.347 662.148
436.538 872.802
538.254 655.877
656.802 874.469
508.741 519.317
401.571 524.006
297.636 531.787
566.117 573.99
302.252 742.669
624.212 793.862
576.842 954.074
615.205 445.634
615.884 697.063
463.33 749.693
